time	day	nSusceptible	nInfectedButNotContagious	nContagious	nSeriouslySick	nCritical	nTotalInfected	nInfectedCumulative	nRecovered	nInQuarantine
86400.0	1	3223328	40	0	0	0	40	40	0	0
172800.0	2	3223328	40	0	0	0	40	40	0	0
259200.0	3	3223328	40	0	0	0	40	40	0	0
345600.0	4	3223328	0	40	0	0	40	40	0	0
432000.0	5	3223328	0	40	0	0	40	40	0	0
518400.0	6	3223320	8	40	0	0	48	48	0	4
604800.0	7	3223308	20	40	0	0	60	60	0	4
691200.0	8	3223304	24	40	0	0	64	64	0	4
777600.0	9	3223296	24	48	0	0	72	72	0	4
864000.0	10	3223292	16	56	4	0	76	76	0	4
950400.0	11	3223280	24	60	0	4	88	88	0	4
1036800.0	12	3223272	24	68	0	4	96	96	0	12
1123200.0	13	3223260	32	72	0	4	108	108	0	12
1209600.0	14	3223248	32	84	0	4	120	120	0	12
1296000.0	15	3223220	52	92	0	4	148	148	0	12
1382400.0	16	3223188	72	68	0	4	144	180	36	12
1468800.0	17	3223152	96	80	0	4	180	216	36	12
1555200.0	18	3223104	116	108	0	4	228	264	36	12
1641600.0	19	3223032	156	140	0	4	300	336	36	16
1728000.0	20	3222928	224	176	4	0	404	440	36	16
1814400.0	21	3222804	300	216	4	0	520	564	44	24
1900800.0	22	3222712	320	276	4	0	600	656	56	36
1987200.0	23	3222564	364	372	4	0	740	804	64	40
2073600.0	24	3222300	504	484	8	0	996	1068	72	56
2160000.0	25	3222012	700	568	8	4	1280	1356	76	80
2246400.0	26	3221656	908	704	4	8	1624	1712	88	92
2332800.0	27	3221280	1020	960	4	8	1992	2088	96	112
2419200.0	28	3220724	1288	1232	8	8	2536	2644	108	148
2505600.0	29	3219996	1660	1568	20	8	3256	3372	116	228
2592000.0	30	3219084	2196	1916	24	8	4144	4284	140	276
2678400.0	31	3217860	2864	2444	20	12	5340	5508	168	320
2764800.0	32	3216248	3748	3128	28	12	6916	7120	204	376
2851200.0	33	3214280	4804	3988	32	12	8836	9088	252	472
2937600.0	34	3211772	6088	5136	44	8	11276	11596	320	632
3024000.0	35	3208372	7876	6644	56	8	14584	14996	412	828
3110400.0	36	3204164	10116	8476	64	12	18668	19204	536	1104
3196800.0	37	3198736	13036	10836	116	12	24000	24632	632	1444
3283200.0	38	3191748	16624	14064	132	24	30844	31620	776	1780
3369600.0	39	3182532	21632	17980	148	40	39800	40836	1036	2224
3456000.0	40	3171152	27584	23048	228	40	50900	52216	1316	2936
3542400.0	41	3156700	35048	29612	268	76	65004	66668	1664	3732
3628800.0	42	3138516	44016	38368	336	96	82816	84852	2036	4780
3715200.0	43	3114792	56360	49136	416	124	106036	108576	2540	6108
3801600.0	44	3085012	71688	62696	580	156	135120	138356	3236	7932
3888000.0	45	3047516	91000	79792	744	192	171728	175852	4124	10208
3974400.0	46	3000600	114192	102128	932	244	217496	222768	5272	12944
4060800.0	47	2941996	143016	130096	1156	292	274560	281372	6812	16644
4147200.0	48	2868660	178856	165280	1552	328	346016	354708	8692	21168
4233600.0	49	2780152	220448	209264	1988	412	432112	443216	11104	26652
4320000.0	50	2673516	268480	263972	2540	496	535488	549852	14364	33780
4406400.0	51	2547336	321324	332592	3076	644	657636	676032	18396	42816
4492800.0	52	2399620	380532	414840	3972	792	800136	823748	23612	54104
4579200.0	53	2232520	440996	513388	4996	1068	960448	990848	30400	68452
4665600.0	54	2047512	499824	629228	6200	1352	1136604	1175856	39252	85408
4752000.0	55	1849316	550304	763972	7924	1656	1323856	1374052	50196	105864
4838400.0	56	1644128	588392	914504	10052	2224	1515172	1579240	64068	129948
4924800.0	57	1441100	606412	1078816	12524	2784	1700536	1782268	81732	157964
5011200.0	58	1246540	602776	1250336	15556	3572	1872240	1976828	104588	189060
5097600.0	59	1065436	578692	1422324	19240	4444	2024700	2157932	133232	223776
5184000.0	60	903424	537676	1583880	23404	5544	2150504	2319944	169440	260540
5270400.0	61	762276	484264	1727024	28428	6704	2246420	2461092	214672	297580
5356800.0	62	642600	422836	1845124	33760	8044	2309764	2580768	271004	333568
5443200.0	63	542912	360512	1928588	40220	9332	2338652	2680456	341804	366992
5529600.0	64	461304	300972	1976352	46636	11104	2335064	2762064	427000	396132
5616000.0	65	395124	247476	1985196	52924	12736	2298332	2828244	529912	418832
5702400.0	66	342344	200568	1955376	58980	14172	2229096	2881024	651928	435524
5788800.0	67	300244	161060	1887260	64684	15536	2128540	2923124	794584	444692
5875200.0	68	266652	128472	1785272	69620	16748	2000112	2956716	956604	446660
5961600.0	69	240392	101952	1654064	73488	17492	1846996	2982976	1135980	441880
6048000.0	70	219112	81132	1500536	76176	17912	1675756	3004256	1328500	430148
6134400.0	71	202488	64164	1332504	77708	17784	1492160	3020880	1528720	411500
6220800.0	72	189380	51012	1160192	77500	17608	1306312	3033988	1727676	386904
6307200.0	73	178224	40888	991744	76772	16596	1126000	3045144	1919144	356824
6393600.0	74	169552	32936	832408	74616	15256	955216	3053816	2098600	322468
6480000.0	75	162628	26752	688488	71120	13980	800340	3060740	2260400	285640
6566400.0	76	157200	21024	563072	66000	12420	662516	3066168	2403652	248132
6652800.0	77	152852	16700	455904	60408	10704	543716	3070516	2526800	211724
6739200.0	78	149460	13168	366392	54216	9064	442840	3073908	2631068	177596
6825600.0	79	146952	10248	293204	47612	7608	358672	3076416	2717744	147288
6912000.0	80	145028	7824	233780	41000	6308	288912	3078340	2789428	120440
6998400.0	81	143352	6108	186212	34612	5036	231968	3080016	2848048	97472
7084800.0	82	141984	4968	147808	28732	4068	185576	3081384	2895808	78696
7171200.0	83	140924	4104	117356	23560	3284	148304	3082444	2934140	62932
7257600.0	84	140220	3132	93636	19136	2576	118480	3083148	2964668	50052
7344000.0	85	139584	2400	74272	15588	1972	94232	3083784	2989552	39664
7430400.0	86	139056	1868	59208	12416	1564	75056	3084312	3009256	31652
7516800.0	87	138672	1548	47292	9740	1236	59816	3084696	3024880	24992
7603200.0	88	138328	1256	37244	7680	960	47140	3085040	3037900	20036
7689600.0	89	138052	1004	29428	6192	740	37364	3085316	3047952	16148
7776000.0	90	137844	828	23088	4840	596	29352	3085524	3056172	13108
7862400.0	91	137680	648	18200	3856	484	23188	3085688	3062500	10508
7948800.0	92	137552	500	14296	3224	360	18380	3085816	3067436	8156
8035200.0	93	137416	428	11212	2592	296	14528	3085952	3071424	6436
8121600.0	94	137352	328	8920	2092	228	11568	3086016	3074448	5000
8208000.0	95	137272	280	7160	1600	164	9204	3086096	3076892	4032
8294400.0	96	137216	200	5708	1272	124	7304	3086152	3078848	3192
8380800.0	97	137168	184	4448	1020	100	5752	3086200	3080448	2496
8467200.0	98	137124	148	3508	768	104	4528	3086244	3081716	1972
8553600.0	99	137080	136	2876	568	92	3672	3086288	3082616	1600
8640000.0	100	137068	100	2324	488	56	2968	3086300	3083332	1248
8726400.0	101	137048	76	1856	400	44	2376	3086320	3083944	952
8812800.0	102	137032	48	1524	352	44	1968	3086336	3084368	716
8899200.0	103	137020	48	1208	268	36	1560	3086348	3084788	600
8985600.0	104	136996	52	968	212	24	1256	3086372	3085116	476
9072000.0	105	136996	36	784	164	20	1004	3086372	3085368	372
9158400.0	106	136996	24	636	144	20	824	3086372	3085548	300
9244800.0	107	136992	4	532	104	12	652	3086376	3085724	252
9331200.0	108	136992	4	400	96	4	504	3086376	3085872	204
9417600.0	109	136984	12	344	84	4	444	3086384	3085940	156
9504000.0	110	136984	8	268	60	4	340	3086384	3086044	116
9590400.0	111	136984	8	216	44	4	272	3086384	3086112	84
9676800.0	112	136984	0	184	32	4	220	3086384	3086164	56
9763200.0	113	136980	4	140	24	0	168	3086388	3086220	40
9849600.0	114	136980	4	96	24	0	124	3086388	3086264	32
9936000.0	115	136980	4	84	20	0	108	3086388	3086280	32
1.00224E7	116	136980	0	68	12	0	80	3086388	3086308	24
1.01088E7	117	136980	0	52	12	0	64	3086388	3086324	16
1.01952E7	118	136980	0	40	8	0	48	3086388	3086340	16
1.02816E7	119	136980	0	16	0	0	16	3086388	3086372	16
1.0368E7	120	136980	0	16	0	0	16	3086388	3086372	12
1.04544E7	121	136980	0	16	0	0	16	3086388	3086372	8
1.05408E7	122	136980	0	12	0	0	12	3086388	3086376	8
1.06272E7	123	136980	0	12	0	0	12	3086388	3086376	8
1.07136E7	124	136980	0	4	0	0	4	3086388	3086384	8
1.08E7	125	136980	0	4	0	0	4	3086388	3086384	8
1.08864E7	126	136980	0	4	0	0	4	3086388	3086384	4
1.09728E7	127	136980	0	4	0	0	4	3086388	3086384	4
1.10592E7	128	136980	0	0	0	0	0	3086388	3086388	4
1.11456E7	129	136980	0	0	0	0	0	3086388	3086388	4
1.1232E7	130	136980	0	0	0	0	0	3086388	3086388	4
1.13184E7	131	136980	0	0	0	0	0	3086388	3086388	4
1.14048E7	132	136980	0	0	0	0	0	3086388	3086388	0
